   0.0306367930
   0.0278754728
   0.0202891731
   0.0274811625
   0.0111192410
   0.0079463777
   0.0092231206
   0.0111501203
   0.0284199595
   0.0191772632
   0.0251082826
   0.0154319273
   0.0098117001
  -0.0126401402
  -0.0102003733
  -0.0258559309
  -0.0156839825
  -0.0343599094
  -0.0156280383
  -0.0342826976
  -0.0310995985
   0.0005222547
  -0.0332972795
  -0.0174630790
  -0.0222827699
  -0.0161030410
  -0.0093071910
   0.0020432291
   0.0104059671
  -0.0030014859
   0.0057094391
   0.0185006753
   0.0018861767
   0.0040545381
   0.0014126989
   0.0071489014
   0.0093342967
   0.0154941171
   0.0058573865
   0.0022685485
   0.0074958298
   0.0033015255
  -0.0014553393
  -0.0027878650
  -0.0034386954
   0.0146811179
   0.0053735265
  -0.0206824112
  -0.0245656986
  -0.0379304409
  -0.0316617430
  -0.0415750363
  -0.0457664484
  -0.0386731351
  -0.0250050814
  -0.0424850430
  -0.0475913080
  -0.0454023132
  -0.0260548848
  -0.0430377107
  -0.0464779285
  -0.0370381653
  -0.0297920615
  -0.0402437129
  -0.0331436560
  -0.0250197417
   0.0035552499
   0.0004217366
   0.0034703406
   0.0191085191
  -0.0004576254
   0.0132969047
   0.0012655916
  -0.0015914843
  -0.0024813237
   0.0032697431
   0.0055479427
   0.0029386205
   0.0042608844
  -0.0026678194
  -0.0014902460
   0.0093220416
   0.0194876361
  -0.0024072868
   0.0165418623
  -0.0059316955
  -0.0014214796
   0.0060386435
  -0.0228032487
  -0.0359809165
  -0.0435336976
  -0.0293745894
  -0.0505338547
  -0.0525801602
  -0.0467104175
  -0.0467011188
  -0.0545358692
  -0.0552323582
  -0.0521799930
  -0.0518237847
  -0.0535931930
  -0.0486586793
  -0.0386287165
  -0.0463108788
  -0.0354154518
  -0.0286492164
   0.0026114158
   0.0139070824
   0.0028787602
   0.0032296751
   0.0039896190
   0.0034942289
   0.0034128458
   0.0019506460
   0.0099593208
   0.0121590823
   0.0093326975
   0.0048208252
   0.0199798763
   0.0230950518
   0.0170368579
   0.0118948223
   0.0181881761
   0.0246082104
   0.0267387520
   0.0198680618
   0.0082703637
  -0.0102394846
  -0.0002256985
   0.0209914805
   0.0008136796
   0.0304287957
   0.0371666677
   0.0317204503
   0.0302810729
   0.0499271042
   0.0369167275
   0.0313205259
   0.0305993643
   0.0479002768
   0.0361856053
   0.0295244485
   0.0350545337
   0.0026124608
   0.0255594928
   0.0191751109
   0.0055662953
  -0.0204178664
   0.0221754719
   0.0147397798
   0.0078565096
   0.0169239573
   0.0228884091
   0.0184897431
   0.0373018513
   0.0277556997
   0.0448949636
   0.0066751691
   0.0270792396
   0.0371578409
   0.0449202537
   0.0264255634
   0.0367275280
   0.0370330626
   0.0264291134
  -0.0059631169
  -0.0229814447
  -0.0014843562
   0.0040505211
  -0.0201760536
  -0.0006474553
   0.0046581051
  -0.0213616571
  -0.0037372024
  -0.0081189777
  -0.0418311014
   0.0032631916
   0.0031547085
  -0.0034733593
  -0.0203601186
   0.0007228588
   0.0023571996
   0.0024810127
  -0.0042761519
   0.0012244060
   0.0026576052
   0.0023164451
   0.0007888287
   0.0020535272
   0.0024143291
  -0.0053162740
   0.0016961102
   0.0024997920
   0.0032676066
  -0.0028553979
  -0.0209831104
   0.0039046045
  -0.0068983010
  -0.0371398157
   0.0009033275
   0.0099306531
   0.0038780901
  -0.0225195961
   0.0099394058
   0.0038727255
  -0.0210321226
  -0.0100781405
   0.0013843615
  -0.0205857585
   0.0021250446
  -0.0125698405
   0.0031196685
   0.0084934499
   0.0079160274
   0.0055472886
   0.0021818500
  -0.0025125706
   0.0066809020
   0.0069533705
   0.0057920624
   0.0064483963
   0.0053258048
   0.0037372822
   0.0010621479
   0.0074233433
   0.0065709138
  -0.0266140414
  -0.0086096980
   0.0039637632
   0.0087652894
  -0.0220974553
   0.0007603922
   0.0250588261
   0.0231938589
   0.0227857464
   0.0245301266
   0.0226236118
   0.0106572306
   0.0068592510
   0.0088478989
   0.0088252250
   0.0217307442
   0.0139679474
   0.0341109169
   0.0192259158
   0.0113361497
   0.0076515018
  -0.0075617048
  -0.0075664878
  -0.0163090202
  -0.0094226718
  -0.0160833592
  -0.0219935079
  -0.0096739149
  -0.0244778818
  -0.0170610225
  -0.0240598250
  -0.0174257236
  -0.0134900389
  -0.0210784395
  -0.0110791434
  -0.0137763716
  -0.0095456011
  -0.0054557602
   0.0007782635
   0.0060093100
  -0.0038493357
   0.0000918268
   0.0025606196
   0.0024055804
   0.0049490610
   0.0090305649
   0.0041193101
   0.0027301984
   0.0035843458
   0.0020459891
  -0.0028115862
  -0.0026785373
  -0.0049033240
   0.0083809570
   0.0016405912
  -0.0141931450
  -0.0150374694
  -0.0265920536
  -0.0224601026
  -0.0290698861
  -0.0339051979
  -0.0285722941
  -0.0291705721
  -0.0360317465
  -0.0358242540
  -0.0300520872
  -0.0364423848
  -0.0358391240
  -0.0312387183
  -0.0348217182
  -0.0275984935
  -0.0202208099
  -0.0290113057
  -0.0239359920
  -0.0178726422
   0.0029428805
  -0.0013456507
   0.0005755069
   0.0107555426
   0.0078569591
   0.0010381241
  -0.0032342756
  -0.0032566754
   0.0022544727
   0.0026415695
   0.0016206525
   0.0012552417
  -0.0036721279
   0.0043619920
   0.0109385004
  -0.0033918569
   0.0093751908
  -0.0030920308
   0.0015989567
  -0.0165181052
  -0.0257381775
  -0.0316683194
  -0.0201779927
  -0.0377803419
  -0.0400691126
  -0.0333381957
  -0.0405342998
  -0.0438973680
  -0.0427398051
  -0.0355631911
  -0.0411096246
  -0.0442929487
  -0.0432219023
  -0.0365295117
  -0.0391036002
  -0.0414648313
  -0.0360903234
  -0.0278669266
  -0.0344520437
  -0.0256686142
  -0.0211312070
   0.0023936739
   0.0079757000
   0.0015260747
   0.0032956153
   0.0007183212
   0.0014766885
   0.0062239974
   0.0076132540
   0.0075059989
   0.0081216088
   0.0024471502
   0.0161712006
   0.0191322166
   0.0146688007
   0.0096976713
   0.0119729978
   0.0172056082
   0.0207596418
   0.0219469965
   0.0168700575
   0.0091601829
  -0.0021095616
  -0.0056842532
   0.0189505533
   0.0093492832
  -0.0071702228
   0.0262867548
   0.0303228680
   0.0270151943
   0.0256216614
   0.0387722321
   0.0308275682
   0.0272000079
   0.0257934523
   0.0370251325
   0.0305066718
   0.0265201366
   0.0367393336
   0.0299052232
   0.0256281079
   0.0287009709
   0.0189275800
   0.0091921374
  -0.0095644178
   0.0208005792
   0.0158845173
   0.0067853924
  -0.0088502921
   0.0179142125
   0.0127246316
   0.0060920497
   0.0097421084
   0.0156345879
   0.0191073224
   0.0144912810
   0.0302351419
   0.0237849093
   0.0370734558
   0.0099090758
   0.0232600551
   0.0307786003
   0.0402305666
   0.0171174162
   0.0268200357
   0.0331411174
   0.0371633866
   0.0082950985
   0.0224591264
   0.0302928004
   0.0300354954
   0.0227596551
  -0.0096863326
  -0.0263224721
  -0.0066101770
  -0.0001171102
  -0.0103259191
  -0.0010966675
   0.0025359831
  -0.0218311047
  -0.0051957568
   0.0006745214
  -0.0171333330
  -0.0072342471
   0.0012412842
  -0.0048847147
  -0.0183162001
   0.0001331190
   0.0013688093
  -0.0013538836
  -0.0092106702
  -0.0212584506
  -0.0005840814
   0.0000889882
   0.0009047724
  -0.0025105536
  -0.0044870092
   0.0000061484
   0.0002922737
   0.0000883282
  -0.0005909270
  -0.0002021188
   0.0007786865
  -0.0028867432
  -0.0050741245
   0.0004385554
  -0.0003892003
   0.0012802414
  -0.0011271928
  -0.0093005146
  -0.0238167775
   0.0010085562
  -0.0042436642
  -0.0169367876
   0.0040162416
  -0.0032205770
   0.0054893876
  -0.0015367823
   0.0076108029
   0.0037277764
  -0.0075050055
   0.0055360366
  -0.0011874424
  -0.0020002779
  -0.0081079587
   0.0021999071
   0.0068124287
  -0.0185881730
  -0.0039106764
   0.0035868803
   0.0058992976
   0.0046187864
   0.0035135863
   0.0015702831
  -0.0043082717
   0.0004317178
   0.0046906548
   0.0043047985
   0.0030588303
   0.0038389229
   0.0033048711
   0.0025804427
  -0.0009385802
   0.0022708996
   0.0051017873
   0.0040554588
  -0.0122082147
  -0.0017778316
   0.0042136329
   0.0061972941
  -0.0274725630
  -0.0074451585
   0.0021362869
   0.0071403416
   0.0211099599
   0.0219134770
   0.0196246917
   0.0199533285
   0.0148880519
   0.0056061977
   0.0190166379
   0.0252703038
   0.0232472021
   0.0190136423
   0.0098691493
   0.0064234132
   0.0081916325
   0.0076230507
   0.0174486407
   0.0111025130
   0.0285861194
   0.0262688300
   0.0118250026
   0.0219364206
   0.0155261102
   0.0091491249
   0.0066085349
  -0.0042058955
  -0.0051840246
  -0.0102891217
  -0.0052397682
  -0.0110919285
  -0.0141588437
  -0.0056077690
  -0.0163565155
  -0.0107847706
  -0.0159855945
  -0.0050499197
  -0.0158595533
  -0.0112523357
  -0.0090599464
  -0.0134260355
  -0.0066291323
  -0.0085055727
  -0.0052952573
  -0.0028862258
   0.0006036134
   0.0039462728
  -0.0001395276
   0.0020396150
   0.0030040085
   0.0042404062
   0.0058312226
   0.0039110070
   0.0028908045
   0.0018881415
   0.0018693029
  -0.0079952048
  -0.0029285033
  -0.0020711323
  -0.0048043002
   0.0051219196
   0.0000587918
  -0.0098572007
  -0.0085174510
  -0.0198048781
  -0.0168945085
  -0.0200757417
  -0.0261788463
  -0.0239926611
  -0.0197758429
  -0.0275977204
  -0.0287352987
  -0.0207970760
  -0.0280699560
  -0.0288526366
  -0.0225584220
  -0.0272251228
  -0.0237492536
  -0.0136878118
  -0.0220778776
  -0.0180729913
  -0.0130363662
   0.0019952902
  -0.0018291156
   0.0065974416
   0.0047784329
   0.0004130754
  -0.0034201617
  -0.0034208742
  -0.0056650233
   0.0002312358
   0.0008001560
  -0.0010438333
  -0.0074631275
  -0.0237563781
   0.0005935725
   0.0001337345
  -0.0036945275
   0.0018443721
   0.0065709010
  -0.0035581710
  -0.0094691510
  -0.0035377962
  -0.0004945223
  -0.0123755229
  -0.0196327690
  -0.0247503977
  -0.0266430278
  -0.0322231988
  -0.0304924167
  -0.0290852608
  -0.0349970618
  -0.0357176031
  -0.0323539969
  -0.0297845438
  -0.0353814217
  -0.0361174574
  -0.0329944278
  -0.0277087185
  -0.0333824065
  -0.0321843005
  -0.0211645172
  -0.0272137893
  -0.0193294055
  -0.0160651315
   0.0018592178
   0.0049674066
   0.0009909628
   0.0023462560
  -0.0001282555
   0.0007008982
   0.0039107992
   0.0054500071
   0.0057239597
  -0.0106318465
   0.0002080774
   0.0046598206
   0.0060727245
   0.0052866529
   0.0000340668
   0.0015135725
   0.0135286895
   0.0166263091
   0.0118280880
   0.0068845231
   0.0093596987
   0.0148167530
   0.0186202914
   0.0196075860
   0.0147263146
   0.0080580595
  -0.0017690230
   0.0085415644
  -0.0049926610
   0.0233136265
   0.0269370512
   0.0237225187
   0.0329055135
   0.0267791164
   0.0238067606
   0.0225088876
   0.0317127541
   0.0265174016
   0.0233194360
   0.0313022776
   0.0260236725
   0.0228023114
   0.0254901262
   0.0085167655
  -0.0064908215
   0.0183748455
   0.0137505322
   0.0061281968
  -0.0069855686
   0.0152670779
   0.0098525715
   0.0032628681
   0.0071226286
   0.0131470459
   0.0167688716
   0.0117574247
   0.0262137541
   0.0198847899
   0.0326066006
   0.0106669843
   0.0206464307
   0.0268286512
   0.0356559405
   0.0157764653
   0.0234271605
   0.0289186432
   0.0327713923
   0.0094876428
   0.0200272277
   0.0264865870
   0.0260932788
   0.0190084703
  -0.0099168318
  -0.0095762832
  -0.0023772068
  -0.0135496520
  -0.0038104570
   0.0001805822
  -0.0080734161
  -0.0016404110
  -0.0077103255
  -0.0031052867
  -0.0116864337
   0.0001063121
  -0.0012702288
  -0.0062838324
  -0.0157412097
  -0.0016391904
  -0.0011036059
  -0.0005933017
  -0.0040118556
  -0.0057218042
  -0.0009455357
  -0.0010691849
  -0.0011684078
  -0.0015889427
  -0.0013621190
  -0.0007027950
  -0.0043372009
  -0.0061818321
  -0.0002715677
  -0.0001144423
  -0.0011819374
  -0.0061475506
  -0.0165481840
   0.0004302639
  -0.0028706000
  -0.0107340520
  -0.0040042246
   0.0027323887
  -0.0049936355
   0.0049270244
   0.0005851608
  -0.0112590602
   0.0028668814
  -0.0044193772
  -0.0027210729
  -0.0177823593
  -0.0037486642
   0.0028376761
  -0.0112692243
  -0.0014726066
   0.0031584825
   0.0043243335
   0.0022109559
   0.0003106700
  -0.0059391162
  -0.0014050275
   0.0028979331
   0.0028418946
   0.0014031083
   0.0022433801
   0.0019830727
   0.0013174686
  -0.0025751314
   0.0004201021
   0.0033968715
   0.0026957716
  -0.0176252821
  -0.0077778203
  -0.0002697378
   0.0036073365
   0.0047252758
  -0.0161200042
  -0.0036390000
   0.0028125067
   0.0179685633
   0.0188392126
   0.0241304286
   0.0170946536
   0.0174497736
   0.0132480728
   0.0171285937
   0.0127720293
   0.0051996904
  -0.0108629267
   0.0193521523
   0.0163597343
   0.0205322136
   0.0196012641
   0.0160703939
   0.0089335225
   0.0059604283
   0.0106418447
   0.0073821792
   0.0068185565
   0.0144149998
   0.0053496785
   0.0092818432
   0.0227922616
   0.0114322866
   0.0096542268
   0.0209981170
   0.0093082751
   0.0172371193
   0.0129007810
   0.0077753869
   0.0059376178
  -0.0020439471
  -0.0033940258
  -0.0064443364
  -0.0025384199
  -0.0076020501
  -0.0091211232
  -0.0028823206
  -0.0108152549
  -0.0046664837
  -0.0110212702
  -0.0096670677
   0.0005602440
  -0.0108288973
  -0.0097519155
  -0.0000142853
  -0.0105637384
  -0.0053662487
  -0.0060249444
  -0.0085628112
  -0.0036431345
  -0.0052044798
  -0.0026157403
  -0.0012390787
   0.0006993004
   0.0027558192
  -0.0000284486
   0.0017531504
   0.0031821423
   0.0038698512
   0.0039099073
   0.0038442636
   0.0027403388
   0.0011118600
   0.0019136555
  -0.0053855025
  -0.0026956548
  -0.0014974980
  -0.0043394297
   0.0031665964
  -0.0006221157
  -0.0069395214
  -0.0050505096
  -0.0141324906
  -0.0125286945
  -0.0128357650
  -0.0191536873
  -0.0192416979
  -0.0143777014
  -0.0120008847
  -0.0203636907
  -0.0226411161
  -0.0198626922
  -0.0120897504
  -0.0203875687
  -0.0234829847
  -0.0223628105
  -0.0140033738
  -0.0212938540
  -0.0230147548
  -0.0193394307
  -0.0158336381
  -0.0205609559
  -0.0196661334
  -0.0096434986
  -0.0163695211
  -0.0137620429
  -0.0097296855
   0.0010863275
  -0.0019425575
   0.0042275400
   0.0028221340
  -0.0002600078
  -0.0032486916
  -0.0034288098
  -0.0056797337
  -0.0014632586
  -0.0004420401
  -0.0010497001
  -0.0003264274
  -0.0011606435
  -0.0047632340
  -0.0136131141
  -0.0010033229
  -0.0005387070
  -0.0104361822
  -0.0045518465
  -0.0035218795
   0.0004690691
   0.0040646722
  -0.0034870464
  -0.0072389385
  -0.0035891982
  -0.0015273087
  -0.0149779769
  -0.0187293163
  -0.0240325958
  -0.0250526097
  -0.0206399880
  -0.0265188987
  -0.0289032228
  -0.0277099939
  -0.0221391359
  -0.0233720335
  -0.0286463566
  -0.0302836084
  -0.0293356992
  -0.0253373667
  -0.0271364048
  -0.0295105909
  -0.0285328491
  -0.0236265568
  -0.0251299942
  -0.0265087021
  -0.0231293440
  -0.0163281103
  -0.0210155325
  -0.0149583272
  -0.0126117987
   0.0012851804
   0.0032032965
   0.0007257693
   0.0014416489
  -0.0003575040
   0.0002865329
   0.0025259145
   0.0040040693
   0.0014773995
   0.0038678332
   0.0044951479
  -0.0199864816
  -0.0054641951
   0.0011137765
   0.0037541475
   0.0043297511
   0.0031858695
  -0.0002602285
   0.0009867986
   0.0115578462
   0.0142812339
   0.0100590841
   0.0061832419
   0.0081295957
   0.0127885906
   0.0160021890
   0.0167799615
   0.0125822153
   0.0070681674
  -0.0001584002
  -0.0050747648
   0.0145567587
   0.0084606825
  -0.0004709286
  -0.0049221353
   0.0208413308
   0.0234968629
   0.0210244691
   0.0281749440
   0.0235382565
   0.0211583273
   0.0199295869
   0.0274476718
   0.0234026859
   0.0209976794
   0.0269508056
   0.0231337098
   0.0206134835
   0.0265625279
   0.0227417220
   0.0140287431
   0.0077829894
  -0.0025012781
   0.0154888934
   0.0114181587
   0.0050373959
  -0.0047159373
   0.0128158186
   0.0081071403
   0.0030531792
   0.0059797050
   0.0110998351
   0.0141812255
   0.0097631013
   0.0220532298
   0.0166710283
   0.0274928752
   0.0087048777
   0.0171878124
   0.0226614213
   0.0047383387
   0.0147977527
   0.0207893060
   0.0254716874
   0.0144974871
   0.0206031734
   0.0253871129
   0.0276495859
   0.0165375792
   0.0223279200
  -0.0096473858
  -0.0034193039
  -0.0158251036
  -0.0061164230
  -0.0018040418
  -0.0147963439
  -0.0056733310
  -0.0015514541
  -0.0080620184
  -0.0026539975
  -0.0072930771
  -0.0021271484
  -0.0067074948
  -0.0155839948
  -0.0009424804
  -0.0020591539
  -0.0059320940
  -0.0124644032
  -0.0020055676
  -0.0017272698
  -0.0015855681
  -0.0042372728
  -0.0052289080
  -0.0016656770
  -0.0018949749
  -0.0019138914
  -0.0019040560
  -0.0019115405
  -0.0016840243
  -0.0044838481
  -0.0054424009
  -0.0010278765
  -0.0011153253
  -0.0020415718
  -0.0059531076
  -0.0132297606
  -0.0005672708
  -0.0020773682
  -0.0063274999
  -0.0151356633
  -0.0077528404
  -0.0198026041
  -0.0035868146
   0.0014326902
  -0.0047964130
   0.0027653964
  -0.0017732086
   0.0028189845
  -0.0016400987
   0.0017142076
  -0.0040865518
  -0.0087660507
  -0.0012308287
   0.0025666496
  -0.0095588374
  -0.0020996127
   0.0017810728
   0.0029113273
   0.0013603935
  -0.0004999628
  -0.0051839234
  -0.0020380757
   0.0015282831
   0.0018338867
   0.0003383030
   0.0011977915
   0.0012599252
   0.0005310634
  -0.0024298823
  -0.0003632614
   0.0021051981
   0.0018150371
  -0.0123934795
  -0.0063762263
  -0.0008166491
   0.0023169077
   0.0032215609
  -0.0189288080
  -0.0073481786
  -0.0007919799
   0.0028448273
  -0.0112992138
