   3.9695203140   -0.6362917993    1.9560299349
   5.3039779678    1.2489535360    0.1373765869
   4.6374562821    2.0013009930    0.1373765869
   3.9695203140   -0.6362917993   -1.6812767610
   2.2171841064   -0.5019972864    2.2391024231
   1.6921841064    0.4073293876    1.9577557710
   2.2171841064   -0.5019972864   -1.9608975769
   2.0903499930   -1.8219921871    2.3318594261
   3.1403499930   -1.8219921871    2.0505127740
   2.6153499930   -2.7313188610    2.0505127740
   3.1403499930   -1.8219921871   -1.5867939219
   2.6153499930   -2.7313188610   -1.5867939219
   2.0903499930   -1.8219921871   -1.8681405739
   0.8509962938   -2.2459355483    2.3066840841
  -0.1990037062   -2.2459355483    2.0253374320
   0.3259962938   -3.1552622223    2.0253374320
   1.3759962938   -3.1552622223    2.0253374320
   0.5921749367   -4.0460776275    1.2566840841
   1.6064921980   -3.9002408221    1.2566840841
   0.1063260310   -4.2094696580    0.2066840841
   1.1041233223   -4.3306241840    0.2066840841
   2.0439322619   -3.9742016667    0.2066840841
   0.5921749367   -4.0460776275   -0.8433159159
   1.6064921980   -3.9002408221   -0.8433159159
   0.3259962938   -3.1552622223   -1.6119692639
   1.3759962938   -3.1552622223   -1.6119692639
   0.8509962938   -2.2459355483   -1.8933159159
   0.1286398122   -1.1164528137    2.1890988531
  -0.3963601878   -0.2071261397    1.9077522011
  -0.3963601878   -2.0257794877    1.9077522011
   1.1786398122   -1.1164528137   -1.7295544948
  -0.3963601878   -0.2071261397   -1.7295544948
  -0.3963601878   -2.0257794877   -1.7295544948
   0.1286398122   -1.1164528137   -2.0109011469
   0.9245936086   -0.0184590422    2.1437499433
   1.4495936086    0.8908676318    1.8624032913
  -0.1254063914   -0.0184590422    1.8624032913
  -0.1254063914   -0.0184590422   -1.7749034046
   1.4495936086   -0.9277857162   -1.7749034046
   0.9245936086   -0.0184590422   -2.0562500567
   0.4157063899    1.3150087353    2.0215636752
   1.4657063899    1.3150087353    1.7402170232
  -0.1092936101    2.2243354093    1.7402170232
   1.4657063899    1.3150087353   -1.8970896727
  -0.1092936101    2.2243354093   -1.8970896727
  -0.1092936101    0.4056820614   -1.8970896727
   0.4157063899    1.3150087353   -2.1784363248
   1.0766670318    2.3178515604    1.8377745010
   2.0566670318    2.3178515604    1.5751842924
   1.5666670318    3.1665564561    1.5751842924
   0.5866670318    3.1665564561    1.5751842924
   2.4499003995    3.3155640029    0.8577745010
   1.6011955038    3.9321842034    0.8577745010
   0.5521385599    3.9321842034    0.8577745010
   3.0366670318    2.3178515604   -0.1222254990
   2.7740768233    3.2978515604   -0.1222254990
   2.0566670318    4.0152613519   -0.1222254990
   1.0766670318    4.2778515604   -0.1222254990
   2.7740768233    2.3178515604   -1.1022254990
   2.4499003995    3.3155640029   -1.1022254990
   1.6011955038    3.9321842034   -1.1022254990
   0.5521385599    3.9321842034   -1.1022254990
   2.0566670318    2.3178515604   -1.8196352904
   1.5666670318    3.1665564561   -1.8196352904
   0.5866670318    3.1665564561   -1.8196352904
   1.0766670318    2.3178515604   -2.0822254990
  -0.9778596464    1.3282744457    1.9563532895
  -0.4528596464    2.2376011197    1.6750066374
  -2.0278596464    1.3282744457    1.6750066374
  -0.4528596464    0.4189477718    1.6750066374
  -0.4528596464    2.2376011197   -1.9623000585
  -0.4528596464    0.4189477718   -1.9623000585
  -0.9778596464    1.3282744457   -2.2436467105
  -0.6099195201    2.6175401979    1.5475074180
  -1.1349195201    3.5268668719    1.5475074180
  -1.9187408772    4.4176822771    0.7788540701
  -2.4045897829    4.5810743075   -0.2711459299
  -3.2317920912    4.0100977802   -0.2711459299
  -1.9187408772    4.4176822771   -1.3211459299
  -0.6099195201    2.6175401979   -2.0897992779
  -1.1349195201    3.5268668719   -2.0897992779
  -1.8150347799    0.2177601368    2.0002351305
  -0.7650347799    0.2177601368    1.7188884785
  -2.3400347799    1.1270868108    1.7188884785
  -0.7650347799    0.2177601368   -1.9184182174
  -2.3400347799    1.1270868108   -1.9184182174
  -2.3400347799   -0.6915665372   -1.9184182174
  -1.8150347799    0.2177601368   -2.1997648695
  -3.0052276346    0.3433276433    1.7952976645
  -3.4952276346    1.1920325390    1.5327074559
  -3.9852276346    0.3433276433    1.5327074559
  -3.4952276346   -0.5053772524    1.5327074559
  -4.3784610023    1.3410400858    0.8152976645
  -4.7026374260    0.3433276433    0.8152976645
  -4.3784610023   -0.6543847992    0.8152976645
  -3.9852276346    2.0407374347   -0.1647023355
  -4.7026374260    1.3233276433   -0.1647023355
  -4.9652276346    0.3433276433   -0.1647023355
  -4.7026374260   -0.6366723567   -0.1647023355
  -4.3784610023    1.3410400858   -1.1447023355
  -4.7026374260    0.3433276433   -1.1447023355
  -4.3784610023   -0.6543847992   -1.1447023355
  -3.4952276346    1.1920325390   -1.8621121269
  -3.9852276346    0.3433276433   -1.8621121269
  -3.4952276346   -0.5053772524   -1.8621121269
  -3.0052276346    0.3433276433   -2.1247023355
  -1.2353210355   -1.0200982755    2.1198950424
  -0.7103210355   -0.1107716016    1.8385483904
  -0.7103210355   -1.9294249495    1.8385483904
  -0.7103210355   -1.9294249495   -1.7987583055
  -1.2353210355   -1.0200982755   -2.0801049576
  -1.0549895986   -2.1898503252    1.8844981056
  -1.5799895986   -3.0991769992    1.8844981056
  -4.1439674152   -2.6924132202    0.0658447577
  -3.6768621698   -3.5824079075    0.0658447577
  -2.8496598614   -4.1533844349    0.0658447577
  -2.3638109557   -3.9899924044   -0.9841552423
  -1.0549895986   -2.1898503252   -1.7528085902
   3.4495715681    0.9636845038    2.6480212922
   4.4370507919    0.9636845038    2.3271698428
   3.7547194298    1.9028330544    2.3271698428
   2.6506840944    1.5441102285    2.3271698428
   2.6506840944    0.3832587791    2.3271698428
   3.7547194298    0.0245359533    2.3271698428
   5.0473465154    0.9636845038    1.4871698428
   4.6735381879    1.9907144430    1.4871698428
   3.7270222760    2.5371856595    1.4871698428
   2.6506840944    2.3473981978    1.4871698428
   1.9481542403    1.5101557203    1.4871698428
   4.6735381879    1.9907144430    0.4488727417
   3.7270222760    2.5371856595    0.4488727417
   5.2661595701   -0.4090477360    1.5849309614
   4.5838282080   -1.3481962866    1.5849309614
   5.8764552936   -0.4090477360    0.7449309614
   5.5026469661    0.6179822032    0.7449309614
   4.5561310542   -1.9825488918    0.7449309614
   5.5026469661   -1.4360776753    0.7449309614
   5.8764552936   -0.4090477360   -0.2933661397
   5.5026469661    0.6179822032   -0.2933661397
   4.5561310542   -1.9825488918   -0.2933661397
   5.5026469661   -1.4360776753   -0.2933661397
   5.2661595701   -0.4090477360   -1.1333661397
   4.5838282080   -1.3481962866   -1.1333661397
   3.8064166915    2.4074610950   -0.2628249769
   5.1267409309    0.8339599392   -1.3011220780
   4.7529326033    1.8609898785   -1.3011220780
   3.8064166915    2.4074610950   -1.3011220780
   2.7300785098    2.2176736332   -1.3011220780
   4.5164452074    0.8339599392   -2.1411220780
   3.8341138453    1.7731084898   -2.1411220780
   2.7300785098    1.4143856640   -2.1411220780
   2.7300785098    0.2535342145   -2.1411220780
   3.8341138453   -0.1051886113   -2.1411220780
   3.5289659835    0.8339599392   -2.4619735275
   3.9291146516   -2.4667268606    1.6781168482
   3.2467832895   -3.4058754112    1.6781168482
   4.5394103752   -2.4667268606    0.8381168482
   2.1427479541   -3.8504405546    0.8381168482
   3.2190861357   -4.0402280164    0.8381168482
   4.1656020476   -3.4937567999    0.8381168482
   4.5394103752   -2.4667268606   -0.2001802529
   3.2190861357   -4.0402280164   -0.2001802529
   4.1656020476   -3.4937567999   -0.2001802529
   3.9291146516   -2.4667268606   -1.0401802529
   3.2467832895   -3.4058754112   -1.0401802529
  -0.6031988819    4.3256021095    1.0648275435
   0.3156198761    4.4134834982    0.2248275435
  -0.6308960357    4.9599547147    0.2248275435
  -1.7072342173    4.7701672529    0.2248275435
   0.3156198761    4.4134834982   -0.8134695576
  -0.6308960357    4.9599547147   -0.8134695576
  -1.7072342173    4.7701672529   -0.8134695576
   0.0791324802    3.3864535589   -1.6534695576
  -0.6031988819    4.3256021095   -1.6534695576
  -3.7453037980    3.1827346922   -0.6609652295
  -3.7453037980    2.0897922592   -0.6609652295
  -1.9664357623    4.2097646315   -1.6992623306
  -3.0427739440    4.0199771697   -1.6992623306
  -3.7453037980    3.1827346922   -1.6992623306
  -3.7453037980    2.0897922592   -1.6992623306
  -1.2564072464    2.6362634757   -2.5392623306
  -1.9387386085    3.5754120263   -2.5392623306
  -3.0427739440    3.2166892004   -2.5392623306
  -3.0427739440    2.0558377510   -2.5392623306
  -1.9387386085    1.6971149252   -2.5392623306
  -2.2438864703    2.6362634757   -2.8601137801
  -2.3236855214    2.7671260067    2.2483058163
  -1.3362062976    2.7671260067    1.9274543669
  -2.0185376597    3.7062745572    1.9274543669
  -3.1225729951    3.3475517314    1.9274543669
  -3.1225729951    2.1867002819    1.9274543669
  -2.0185376597    1.8279774561    1.9274543669
  -2.0462348135    4.3406271624    1.0874543669
  -3.1225729951    4.1508397006    1.0874543669
  -3.8251028492    3.3135972232    1.0874543669
  -3.8251028492    2.2206547901    1.0874543669
  -3.1225729951    4.1508397006    0.0491572658
  -3.8251028492    3.3135972232    0.0491572658
  -3.8251028492    2.2206547901    0.0491572658
  -1.1760115688   -4.0013369909    1.5313214979
  -2.2800469043   -4.4459021343    0.6913214979
  -1.2037087226   -4.6356895961    0.6913214979
  -0.2571928108   -4.0892183796    0.6913214979
  -2.2800469043   -4.4459021343   -0.3469756032
  -1.2037087226   -4.6356895961   -0.3469756032
  -0.2571928108   -4.0892183796   -0.3469756032
  -0.4936802067   -3.0621884403   -1.1869756032
  -1.1760115688   -4.0013369909   -1.1869756032
  -4.1859206323   -1.7112965967   -0.3251567472
  -4.1859206323   -2.8042390297   -0.3251567472
  -4.1859206323   -1.7112965967   -1.3634538483
  -4.1859206323   -2.8042390297   -1.3634538483
  -3.4833907783   -3.6414815072   -1.3634538483
  -2.4070525967   -3.8312689690   -1.3634538483
  -1.6970240808   -2.2577678132   -2.2034538483
  -2.3793554428   -1.3186192627   -2.2034538483
  -3.4833907783   -1.6773420885   -2.2034538483
  -3.4833907783   -2.8381935380   -2.2034538483
  -2.3793554428   -3.1969163638   -2.2034538483
  -2.6845033046   -2.2577678132   -2.5243052978
  -2.7830122718   -2.1142441213    2.5842451414
  -1.7955330480   -2.1142441213    2.2633936919
  -2.4778644101   -1.1750955707    2.2633936919
  -3.5818997455   -1.5338183965    2.2633936919
  -3.5818997455   -2.6946698460    2.2633936919
  -2.4778644101   -3.0533926718    2.2633936919
  -3.5818997455   -0.7305304273    1.4233936919
  -4.2844295996   -1.5677729048    1.4233936919
  -4.2844295996   -2.6607153378    1.4233936919
  -3.5818997455   -3.4979578152    1.4233936919
  -4.2844295996   -1.5677729048    0.3850965908
  -4.2844295996   -2.6607153378    0.3850965908
   3.9651808009   -0.6287755422    2.2997018699
   5.5526315875    1.2882477576    0.6714268284
   5.5526315875    1.2882477576   -0.3966736546
   5.3209158719    0.2730348747   -1.3589989375
   3.9651808009   -0.6287755422   -2.0249486960
   2.2171841064   -0.5019972864    2.5391024231
   1.6965236195    0.3998131305    2.3014277060
   2.2171841064   -0.5019972864   -2.2608975769
   2.0903499930   -1.8219921871    2.6318594261
   3.1316709669   -1.8219921871    2.3941847091
   2.6110104799   -2.7238026039    2.3941847091
   3.9667455509   -1.8219921871   -1.2645160984
   3.1316709669   -1.8219921871   -1.9304658569
   2.6110104799   -2.7238026039   -1.9304658569
   2.0903499930   -1.8219921871   -2.1681405739
   0.8509962938   -2.2459355483    2.6066840841
  -0.1903246801   -2.2459355483    2.3690093671
   0.3303358069   -3.1477459652    2.3690093671
   1.3716567807   -3.1477459652    2.3690093671
  -0.3777814784   -3.6640206926    1.7030596086
   0.5839573634   -4.1032321050    1.7030596086
   1.6304791789   -3.9527649838    1.7030596086
   0.3303358069   -4.5270981898    0.7407343256
   1.3716567807   -4.5270981898    0.7407343256
   0.3303358069   -4.5270981898   -0.3273661574
   1.3716567807   -4.5270981898   -0.3273661574
  -0.3777814784   -3.6640206926   -1.2896914404
   0.5839573634   -4.1032321050   -1.2896914404
   1.6304791789   -3.9527649838   -1.2896914404
   0.3303358069   -3.1477459652   -1.9556411989
   1.3716567807   -3.1477459652   -1.9556411989
   0.8509962938   -2.2459355483   -2.1933159159
   0.1286398122   -1.1164528137    2.4890988531
  -0.3920206747   -0.2146423968    2.2514241361
  -0.3920206747   -2.0182632306    2.2514241361
  -0.3920206747   -2.0182632306   -2.0732264298
   0.1286398122   -1.1164528137   -2.3109011469
   0.9245936086   -0.0184590422    2.4437499433
   1.4452540956    0.8833513747    2.2060752263
  -0.1167273653   -0.0184590422   -2.1185753396
   1.4452540956   -0.9202694591   -2.1185753396
   0.9245936086   -0.0184590422   -2.3562500567
   0.4157063899    1.3150087353    2.3215636752
   1.4570273638    1.3150087353    2.0838889582
  -0.1049540970    2.2168191522    2.0838889582
   1.4570273638    1.3150087353   -2.2407616077
  -0.1049540970    2.2168191522   -2.2407616077
  -0.1049540970    0.4131983185   -2.2407616077
   0.4157063899    1.3150087353   -2.4784363248
   1.0766670318    2.3178515604    2.1177745010
   2.0485666075    2.3178515604    1.8959447651
   1.5626168197    3.1595412829    1.8959447651
   0.5907172440    3.1595412829    1.8959447651
   2.4935005334    3.3472413544    1.2743916572
   1.6178492730    3.9834392348    1.2743916572
   0.5354847906    3.9834392348    1.2743916572
   3.0103600113    3.3327319262    0.3762213931
   2.3172287095    4.1151154308    0.3762213931
   1.3398996777    4.4857674421    0.3762213931
   3.0103600113    3.3327319262   -0.6206723910
   2.3172287095    4.1151154308   -0.6206723910
   1.3398996777    4.4857674421   -0.6206723910
   2.4935005334    3.3472413544   -1.5188426551
   1.6178492730    3.9834392348   -1.5188426551
   0.5354847906    3.9834392348   -1.5188426551
   2.0485666075    2.3178515604   -2.1403957631
   1.5626168197    3.1595412829   -2.1403957631
   0.5907172440    3.1595412829   -2.1403957631
   1.0766670318    2.3178515604   -2.3622254990
  -0.9778596464    1.3282744457    2.2563532895
  -0.4571991594    2.2300848626    2.0186785724
  -2.0191806202    1.3282744457    2.0186785724
  -0.4571991594    0.4264640289    2.0186785724
  -0.4571991594    0.4264640289   -2.3059719935
  -0.9778596464    1.3282744457   -2.5436467105
  -0.6185985462    2.6175401979    1.8911793530
  -1.1392590331    3.5193506148    1.8911793530
  -2.1805800070    4.8987028394    0.2629043116
  -2.1805800070    4.8987028394   -0.8051961714
  -3.1187777860    4.4468906016   -0.8051961714
  -1.9269584504    4.4748367546   -1.7675214544
  -0.6185985462    2.6175401979   -2.4334712129
  -1.8150347799    0.2177601368    2.3002351305
  -0.7737138061    0.2177601368    2.0625604135
  -2.3356952669    1.1195705537    2.0625604135
  -0.7737138061    0.2177601368   -2.2620901524
  -2.3356952669   -0.6840502801   -2.2620901524
  -1.8150347799    0.2177601368   -2.4997648695
  -3.0052276346    0.3433276433    2.0752976645
  -3.4911774224    1.1850173657    1.8534679286
  -3.9771272102    0.3433276433    1.8534679286
  -3.4911774224   -0.4983620791    1.8534679286
  -4.4220611361    1.3727174373    1.2319148206
  -4.7565301553    0.3433276433    1.2319148206
  -4.4220611361   -0.6860621507    1.2319148206
  -4.6398542415    1.7914804501    0.3337445565
  -5.1256077793    0.8659544102    0.3337445565
  -5.1256077793   -0.1792991236    0.3337445565
  -4.6398542415   -1.1048251634    0.3337445565
  -4.6398542415    1.7914804501   -0.6631492276
  -5.1256077793    0.8659544102   -0.6631492276
  -5.1256077793   -0.1792991236   -0.6631492276
  -4.6398542415   -1.1048251634   -0.6631492276
  -4.4220611361    1.3727174373   -1.5613194917
  -4.7565301553    0.3433276433   -1.5613194917
  -4.4220611361   -0.6860621507   -1.5613194917
  -3.4911774224    1.1850173657   -2.1828725996
  -3.9771272102    0.3433276433   -2.1828725996
  -3.4911774224   -0.4983620791   -2.1828725996
  -3.0052276346    0.3433276433   -2.4047023355
  -1.2353210355   -1.0200982755    2.4198950424
  -0.7146605486   -0.1182878587    2.1822203254
  -0.7146605486   -1.9219086924   -2.1424302406
  -1.2353210355   -1.0200982755   -2.3801049576
  -1.0636686247   -2.1898503252    2.2281700407
  -1.5843291117   -3.0916607421    2.2281700407
  -2.3720285290   -4.0471468819    1.5622202822
  -3.5638478645   -4.0192007290    0.5998949992
  -3.5638478645   -4.0192007290   -0.4682054838
  -2.6256500856   -4.4710129667   -0.4682054838
  -1.0636686247   -2.1898503252   -2.0964805253
   3.4495715681    0.9636845038    2.8880212922
   4.4095715681    0.9636845038    2.6307900675
   3.9295715681    1.7950688914    2.6307900675
   2.9695715681    1.7950688914    2.6307900675
   2.4895715681    0.9636845038    2.6307900675
   2.9695715681    0.1323001162    2.6307900675
   3.9295715681    0.1323001162    2.6307900675
   5.1123403433    0.9636845038    1.9280212922
   4.7947797650    1.9410354679    1.9280212922
   3.9633953773    2.5450715826    1.9280212922
   2.9357477588    2.5450715826    1.9280212922
   2.1043633712    1.9410354679    1.9280212922
   5.1123403433    1.9236845038    0.9680212922
   4.4095715681    2.6264532791    0.9680212922
   3.4495715681    2.8836845038    0.9680212922
   5.2386803463   -0.4090477360    1.8885511861
   4.7586803463   -1.2404321237    1.8885511861
   5.9414491215   -0.4090477360    1.1857824109
   5.6238885432    0.5683032281    1.1857824109
   4.7925041555   -1.9904348148    1.1857824109
   5.6238885432   -1.3863987001    1.1857824109
   6.1986803463   -0.4090477360    0.2257824109
   5.9414491215    0.5509522640    0.2257824109
   5.2386803463   -2.0718165113    0.2257824109
   5.9414491215   -1.3690477360    0.2257824109
   5.9414491215   -0.4090477360   -0.7342175891
   4.7925041555   -1.9904348148   -0.7342175891
   5.6238885432   -1.3863987001   -0.7342175891
   5.2386803463   -0.4090477360   -1.4369863644
   4.7586803463   -1.2404321237   -1.4369863644
   5.1917347588    1.7939599392   -0.7819735275
   4.4889659835    2.4967287145   -0.7819735275
   3.5289659835    2.7539599392   -0.7819735275
   5.1917347588    0.8339599392   -1.7419735275
   4.8741741804    1.8113109033   -1.7419735275
   4.0427897928    2.4153470180   -1.7419735275
   3.0151421743    2.4153470180   -1.7419735275
   4.4889659835    0.8339599392   -2.4447423027
   4.0089659835    1.6653443269   -2.4447423027
   3.0489659835    1.6653443269   -2.4447423027
   2.5689659835    0.8339599392   -2.4447423027
   3.0489659835    0.0025755516   -2.4447423027
   4.0089659835    0.0025755516   -2.4447423027
   3.5289659835    0.8339599392   -2.7019735275
   3.9016354278   -2.4667268606    1.9817370729
   3.4216354278   -3.2981112483    1.9817370729
   4.6044042031   -2.4667268606    1.2789682976
   2.4278116185   -4.0481139394    1.2789682976
   3.4554592371   -4.0481139394    1.2789682976
   4.2868436247   -3.4440778247    1.2789682976
   4.8616354278   -2.4667268606    0.3189682976
   2.9416354278   -4.3867268606    0.3189682976
   3.9016354278   -4.1294956359    0.3189682976
   4.6044042031   -3.4267268606    0.3189682976
   4.6044042031   -2.4667268606   -0.6410317024
   2.4278116185   -4.0481139394   -0.6410317024
   3.4554592371   -4.0481139394   -0.6410317024
   4.2868436247   -3.4440778247   -0.6410317024
   3.9016354278   -2.4667268606   -1.3438004777
   3.4216354278   -3.2981112483   -1.3438004777
  -0.4283467437    4.2178379466    1.3684477682
   0.4368614533    4.3638045230    0.6656789929
  -0.3945229344    4.9678406377    0.6656789929
  -1.4221705529    4.9678406377    0.6656789929
   0.0516532563    5.0492223342   -0.2943210071
  -0.9083467437    5.3064535589   -0.2943210071
  -1.8683467437    5.0492223342   -0.2943210071
   0.4368614533    4.3638045230   -1.2543210071
  -0.3945229344    4.9678406377   -1.2543210071
  -1.4221705529    4.9678406377   -1.2543210071
   0.0516532563    3.3864535589   -1.9570897824
  -0.4283467437    4.2178379466   -1.9570897824
  -3.2038864703    4.2990322510   -1.1801137801
  -3.9066552455    3.5962634757   -1.1801137801
  -4.1638864703    2.6362634757   -1.1801137801
  -1.7300626610    4.2176505545   -2.1401137801
  -2.7577102795    4.2176505545   -2.1401137801
  -3.5890946672    3.6136144398   -2.1401137801
  -3.9066552455    2.6362634757   -2.1401137801
  -3.5890946672    1.6589125116   -2.1401137801
  -1.2838864703    2.6362634757   -2.8428825554
  -1.7638864703    3.4676478633   -2.8428825554
  -2.7238864703    3.4676478633   -2.8428825554
  -3.2038864703    2.6362634757   -2.8428825554
  -2.7238864703    1.8048790881   -2.8428825554
  -1.7638864703    1.8048790881   -2.8428825554
  -2.2438864703    2.6362634757   -3.1001137801
  -2.3236855214    2.7671260067    2.4883058163
  -1.3636855214    2.7671260067    2.2310745916
  -1.8436855214    3.5985103943    2.2310745916
  -2.8036855214    3.5985103943    2.2310745916
  -3.2836855214    2.7671260067    2.2310745916
  -2.8036855214    1.9357416190    2.2310745916
  -1.8436855214    1.9357416190    2.2310745916
  -1.8098617122    4.3485130855    1.5283058163
  -2.8375093307    4.3485130855    1.5283058163
  -3.6688937183    3.7444769707    1.5283058163
  -3.9864542967    2.7671260067    1.5283058163
  -3.6688937183    1.7897750426    1.5283058163
  -3.2836855214    4.4298947819    0.5683058163
  -3.9864542967    3.7271260067    0.5683058163
  -4.2436855214    2.7671260067    0.5683058163
  -1.9611594306   -3.8935728280    1.8349417226
  -1.0011594306   -3.8935728280    1.8349417226
  -1.9949832398   -4.6435755191    1.1321729474
  -0.9673356213   -4.6435755191    1.1321729474
  -2.4411594306   -4.7249572156    0.1721729474
  -1.4811594306   -4.9821884403    0.1721729474
  -0.5211594306   -4.7249572156    0.1721729474
  -1.9949832398   -4.6435755191   -0.7878270526
  -0.9673356213   -4.6435755191   -0.7878270526
  -1.0011594306   -3.8935728280   -1.4905958279
  -4.6045033046   -2.2577678132   -0.8443052978
  -4.3472720799   -3.2177678132   -0.8443052978
  -3.6445033046   -3.9205365885   -0.8443052978
  -4.0297115015   -1.2804168492   -1.8043052978
  -4.3472720799   -2.2577678132   -1.8043052978
  -4.0297115015   -3.2351187773   -1.8043052978
  -3.1983271139   -3.8391548920   -1.8043052978
  -2.1706794953   -3.8391548920   -1.8043052978
  -1.7245033046   -2.2577678132   -2.5070740730
  -2.2045033046   -1.4263834256   -2.5070740730
  -3.1645033046   -1.4263834256   -2.5070740730
  -3.6445033046   -2.2577678132   -2.5070740730
  -3.1645033046   -3.0891522009   -2.5070740730
  -2.2045033046   -3.0891522009   -2.5070740730
  -2.6845033046   -2.2577678132   -2.7643052978
  -2.7830122718   -2.1142441213    2.8242451414
  -1.8230122718   -2.1142441213    2.5670139166
  -2.3030122718   -1.2828597336    2.5670139166
  -3.2630122718   -1.2828597336    2.5670139166
  -3.7430122718   -2.1142441213    2.5670139166
  -3.2630122718   -2.9456285089    2.5670139166
  -2.3030122718   -2.9456285089    2.5670139166
  -4.1282204687   -1.1368931572    1.8642451414
  -4.4457810471   -2.1142441213    1.8642451414
  -4.1282204687   -3.0915950853    1.8642451414
  -3.2968360811   -3.6956312001    1.8642451414
  -4.4457810471   -1.1542441213    0.9042451414
  -4.7030122718   -2.1142441213    0.9042451414
  -4.4457810471   -3.0742441213    0.9042451414
  -3.7430122718   -3.7770128965    0.9042451414
   3.9611429477   -0.6217817752    2.6318513247
   5.3537086232    0.2730348747    2.0465648961
   5.6919643945    1.3553469010    1.1706218543
   5.9389950517    1.3062801420    0.1373765869
   5.3537086232    2.1822231839    0.1373765869
   4.4777655813    2.7675096124    0.1373765869
   5.6919643945    1.3553469010   -0.8958686805
   4.2376258002   -1.4636238965   -1.7718117223
   5.0506317239   -0.7591502535   -1.7718117223
   3.9611429477   -0.6217817752   -2.3570981509
   2.2171841064   -0.5019972864    2.8391024231
   1.7005614727    0.3928193635    2.6335771608
   2.2171841064   -0.5019972864   -2.5608975769
   2.0903499930   -1.8219921871    2.9318594261
   3.1235952604   -1.8219921871    2.7263341639
   2.6069726267   -2.7168088370    2.7263341639
   3.9995383022   -1.8219921871    2.1410477353
   3.9995383022   -1.8219921871   -1.6773288831
   2.8834554793   -3.5586509583   -1.6773288831
   3.6964614030   -2.8541773152   -1.6773288831
   3.1235952604   -1.8219921871   -2.2626153117
   2.6069726267   -2.7168088370   -2.2626153117
   2.0903499930   -1.8219921871   -2.4681405739
   0.8509962938   -2.2459355483    2.9066840841
  -0.1822489736   -2.2459355483    2.7011588219
   0.3343736601   -3.1407521982    2.7011588219
   1.3676189275   -3.1407521982    2.7011588219
  -0.3992561636   -3.6888038004    2.1158723933
   0.5792904683   -4.1356910734    2.1158723933
   1.6441017801   -3.9825943196    2.1158723933
   0.2959234454   -4.6778685964    1.2399293515
   1.4060691422   -4.6778685964    1.2399293515
   0.8509962938   -4.9459355483    0.2066840841
   1.8842415612   -4.7404102861    0.2066840841
   0.2959234454   -4.6778685964   -0.8265611833
   1.4060691422   -4.6778685964   -0.8265611833
  -0.3992561636   -3.6888038004   -1.7025042251
   0.5792904683   -4.1356910734   -1.7025042251
   1.6441017801   -3.9825943196   -1.7025042251
   0.3343736601   -3.1407521982   -2.2877906537
   1.3676189275   -3.1407521982   -2.2877906537
   0.8509962938   -2.2459355483   -2.4933159159
   0.1286398122   -1.1164528137    2.7890988531
  -0.3879828215   -0.2216361638    2.5835735909
  -0.3879828215   -2.0112694636   -2.4053758846
   0.1286398122   -1.1164528137   -2.6109011469
   0.9245936086   -0.0184590422    2.7437499433
   1.4412162423    0.8763576077    2.5382246811
  -0.1086516588   -0.0184590422   -2.4507247945
   1.4412162423   -0.9132756921   -2.4507247945
   0.9245936086   -0.0184590422   -2.6562500567
   0.4157063899    1.3150087353    2.6215636752
   1.4489516573    1.3150087353    2.4160384130
   0.9323290236    2.2098253852    2.4160384130
  -0.1009162438    2.2098253852    2.4160384130
   1.4489516573    1.3150087353   -2.5729110626
  -0.1009162438    2.2098253852   -2.5729110626
  -0.1009162438    0.4201920854   -2.5729110626
   0.4157063899    1.3150087353   -2.7784363248
   1.0766670318    2.3178515604    2.3977745010
   2.1700540544    2.3178515604    2.1482160481
   1.6233605431    3.2647524982    2.1482160481
   0.5299735206    3.2647524982    2.1482160481
   2.7341176435    3.3830303902    1.4489688017
   1.8951240612    4.1100224676    1.4489688017
   0.7962761550    4.2680129449    1.4489688017
   3.2901838691    3.3838250876    0.4385272546
   2.6084682110    4.2386694843    0.4385272546
   1.6233605431    4.7130723340    0.4385272546
   3.2901838691    3.3838250876   -0.6829782526
   2.6084682110    4.2386694843   -0.6829782526
   1.6233605431    4.7130723340   -0.6829782526
   2.7341176435    3.3830303902   -1.6934197997
   1.8951240612    4.1100224676   -1.6934197997
   0.7962761550    4.2680129449   -1.6934197997
   2.1700540544    2.3178515604   -2.3926670461
   1.6233605431    3.2647524982   -2.3926670461
   0.5299735206    3.2647524982   -2.3926670461
   1.0766670318    2.3178515604   -2.6422254990
  -0.9778596464    1.3282744457    2.5563532895
  -0.4612370127    2.2230910956    2.3508280272
  -0.4612370127    0.4334577958    2.3508280272
  -0.4612370127    0.4334577958   -2.6381214483
  -0.9778596464    1.3282744457   -2.8436467105
  -0.6266742527    2.6175401979    2.2233288078
  -1.1432968864    3.5123568478    2.2233288078
  -0.8668140338    4.3541989691    1.6380423793
  -2.2149923685    5.0494732460    0.7620993374
  -2.6931647875    5.1120149357   -0.2711459299
  -3.5691078293    4.5267285071   -0.2711459299
  -4.1543942579    3.6507854653   -0.2711459299
  -4.3599195201    2.6175401979   -0.2711459299
  -2.2149923685    5.0494732460   -1.3043911973
  -3.2151990801    4.5677990801   -1.3043911973
  -0.6266742527    2.6175401979   -2.7656206677
  -1.8150347799    0.2177601368    2.6002351305
  -0.7817895126    0.2177601368    2.3947098683
  -2.3316574136    1.1125767867    2.3947098683
  -2.8482800473    0.2177601368    2.3947098683
  -2.3316574136   -0.6770565131   -2.5942396072
  -1.8150347799    0.2177601368   -2.7997648695
  -3.0052276346    0.3433276433    2.3552976645
  -3.5519211459    1.2902285810    2.1057392116
  -4.0986146572    0.3433276433    2.1057392116
  -4.2954442954    1.8323170448    1.4064919652
  -4.8956354058    0.8984014474    1.4064919652
  -4.8956354058   -0.2117461608    1.4064919652
  -4.5370288138    2.2641455672    0.3960504180
  -5.2187444718    1.4093011705    0.3960504180
  -5.4620459733    0.3433276433    0.3960504180
  -5.2187444718   -0.7226458838    0.3960504180
  -4.5370288138    2.2641455672   -0.7254550891
  -5.2187444718    1.4093011705   -0.7254550891
  -5.4620459733    0.3433276433   -0.7254550891
  -5.2187444718   -0.7226458838   -0.7254550891
  -4.2954442954    1.8323170448   -1.7358966362
  -4.8956354058    0.8984014474   -1.7358966362
  -4.8956354058   -0.2117461608   -1.7358966362
  -3.5519211459    1.2902285810   -2.4351438826
  -4.0986146572    0.3433276433   -2.4351438826
  -3.5519211459   -0.6035732944   -2.4351438826
  -3.0052276346    0.3433276433   -2.6847023355
  -1.2353210355   -1.0200982755    2.7198950424
  -0.7186984019   -0.1252816256    2.5143697802
  -0.7186984019   -1.9149149254   -2.4745796954
  -1.2353210355   -1.0200982755   -2.6801049576
  -1.0717443312   -2.1898503252    2.5603194955
  -1.5883669649   -3.0846669751    2.5603194955
  -2.3766954241   -4.0796058503    1.9750330669
  -3.6602691586   -4.1401092075    1.0990900251
  -2.6600624470   -4.6217833733    1.0990900251
  -4.8049895986   -2.1898503252    0.0658447577
  -4.5994643364   -3.2230955926    0.0658447577
  -4.0141779078   -4.0990386344    0.0658447577
  -3.1382348660   -4.6843250630    0.0658447577
  -2.6600624470   -4.6217833733   -0.9674005097
  -1.3118841123   -3.9265090964   -1.8433435515
  -1.0717443312   -2.1898503252   -2.4286299801
   3.4495715681    0.9636845038    3.1280212922
   4.5295715681    0.9636845038    2.8386361644
   3.9895715681    1.8989919399    2.8386361644
   2.9095715681    1.8989919399    2.8386361644
   2.3695715681    0.9636845038    2.8386361644
   2.9095715681    0.0283770677    2.8386361644
   3.9895715681    0.0283770677    2.8386361644
   5.3201864402    0.9636845038    2.0480212922
   5.0232329378    1.9750152574    2.0480212922
   4.2266530695    2.6652556425    2.0480212922
   3.1833553151    2.8152592138    2.0480212922
   4.6765914210    2.7413296541    0.9680212922
   3.7099307974    3.1079356719    0.9680212922
   5.3586803463   -0.4090477360    2.0963972830
   4.8186803463   -1.3443551721    2.0963972830
   6.1492952184   -0.4090477360    1.3057824109
   5.0557618477   -2.1106188747    1.3057824109
   5.8523417160   -1.4203784897    1.3057824109
   6.4386803463   -0.4090477360    0.2257824109
   6.1912653617    0.5947543156    0.2257824109
   5.5057001992   -2.1866928864    0.2257824109
   6.1912653617   -1.4128497876    0.2257824109
   6.1492952184   -0.4090477360   -0.8542175891
   5.0557618477   -2.1106188747   -0.8542175891
   5.8523417160   -1.4203784897   -0.8542175891
   5.3586803463   -0.4090477360   -1.6448324613
   4.8186803463   -1.3443551721   -1.6448324613
   4.7559858365    2.6116050896   -0.7819735275
   3.7893252129    2.9782111073   -0.7819735275
   5.3995808557    0.8339599392   -1.8619735275
   5.1026273533    1.8452906929   -1.8619735275
   4.3060474850    2.5355310780   -1.8619735275
   3.2627497305    2.6855346492   -1.8619735275
   4.6089659835    0.8339599392   -2.6525883996
   4.0689659835    1.7692673753   -2.6525883996
   2.9889659835    1.7692673753   -2.6525883996
   2.4489659835    0.8339599392   -2.6525883996
   2.9889659835   -0.1013474968   -2.6525883996
   4.0689659835   -0.1013474968   -2.6525883996
   3.5289659835    0.8339599392   -2.9419735275
   4.0216354278   -2.4667268606    2.1895831698
   3.4816354278   -3.4020342967    2.1895831698
   4.8122503000   -2.4667268606    1.3989682976
   2.6754191748   -4.3183015706    1.3989682976
   3.7187169292   -4.1682979993    1.3989682976
   4.5152967976   -3.4780576143    1.3989682976
   5.1016354278   -2.4667268606    0.3189682976
   3.2019946571   -4.6109780287    0.3189682976
   4.1686552807   -4.2443720110    0.3189682976
   4.8542204432   -3.4705289122    0.3189682976
   4.8122503000   -2.4667268606   -0.7610317024
   2.6754191748   -4.3183015706   -0.7610317024
   3.7187169292   -4.1682979993   -0.7610317024
   4.5152967976   -3.4780576143   -0.7610317024
   4.0216354278   -2.4667268606   -1.5516465746
   3.4816354278   -3.4020342967   -1.5516465746
  -0.3683467437    4.3217609950    1.5762938651
  -0.1312652422    5.0880246976    0.7856789929
  -1.1745629967    5.2380282689    0.7856789929
   0.3186731093    5.1640987092   -0.2943210071
  -0.6479875143    5.5307047270   -0.2943210071
  -1.6742932997    5.4060886431   -0.2943210071
  -0.1312652422    5.0880246976   -1.3743210071
  -1.1745629967    5.2380282689   -1.3743210071
  -0.3683467437    4.3217609950   -2.1649358793
  -3.8606696863    4.0686084175   -1.1801137801
  -4.3411207959    3.1531853106   -1.1801137801
  -2.5101027233    4.4878381857   -2.2601137801
  -3.4688786984    4.0499798691   -2.2601137801
  -4.0387282965    3.1632765865   -2.2601137801
  -4.0387282965    2.1092503649   -2.2601137801
  -1.1638864703    2.6362634757   -3.0507286523
  -1.7038864703    3.5715709118   -3.0507286523
  -2.7838864703    3.5715709118   -3.0507286523
  -3.3238864703    2.6362634757   -3.0507286523
  -2.7838864703    1.7009560396   -3.0507286523
  -1.7038864703    1.7009560396   -3.0507286523
  -2.2438864703    2.6362634757   -3.3401137801
  -2.3236855214    2.7671260067    2.7283058163
  -1.2436855214    2.7671260067    2.4389206885
  -1.7836855214    3.7024334427    2.4389206885
  -2.8636855214    3.7024334427    2.4389206885
  -3.4036855214    2.7671260067    2.4389206885
  -2.8636855214    1.8318185706    2.4389206885
  -1.7836855214    1.8318185706    2.4389206885
  -2.5899017744    4.6187007166    1.6483058163
  -3.5486777495    4.1808424001    1.6483058163
  -4.1185273476    3.2941391175    1.6483058163
  -4.1185273476    2.2401128959    1.6483058163
  -3.0896320774    4.7867610909    0.5683058163
  -3.9404687375    4.1994709485    0.5683058163
  -4.4209198471    3.2840478415    0.5683058163
  -0.9411594306   -3.9974958764    2.0427878196
  -1.7473756836   -4.9137631503    1.2521729474
  -0.7040779291   -4.7637595790    1.2521729474
  -2.2471059866   -5.0818235245    0.1721729474
  -1.2208002012   -5.2064396084    0.1721729474
  -0.2541395776   -4.8398335907    0.1721729474
  -1.7473756836   -4.9137631503   -0.9078270526
  -0.7040779291   -4.7637595790   -0.9078270526
  -0.9411594306   -3.9974958764   -1.6984419248
  -4.7817376302   -1.7408459784   -0.8443052978
  -4.7817376302   -2.7746896481   -0.8443052978
  -4.3012865207   -3.6901127550   -0.8443052978
  -4.4793451308   -1.7307547024   -1.9243052978
  -4.4793451308   -2.7847809240   -1.9243052978
  -3.9094955327   -3.6714842067   -1.9243052978
  -2.9507195576   -4.1093425232   -1.9243052978
  -1.6045033046   -2.2577678132   -2.7149201699
  -2.1445033046   -1.3224603771   -2.7149201699
  -3.2245033046   -1.3224603771   -2.7149201699
  -3.7645033046   -2.2577678132   -2.7149201699
  -3.2245033046   -3.1930752493   -2.7149201699
  -2.1445033046   -3.1930752493   -2.7149201699
  -2.6845033046   -2.2577678132   -3.0043052978
  -2.7830122718   -2.1142441213    3.0642451414
  -1.7030122718   -2.1142441213    2.7748600135
  -2.2430122718   -1.1789366852    2.7748600135
  -3.3230122718   -1.1789366852    2.7748600135
  -3.8630122718   -2.1142441213    2.7748600135
  -3.3230122718   -3.0495515574    2.7748600135
  -2.2430122718   -3.0495515574    2.7748600135
  -4.0080044999   -0.7005277278    1.9842451414
  -4.5778540980   -1.5872310105    1.9842451414
  -4.5778540980   -2.6412572321    1.9842451414
  -4.0080044999   -3.5279605147    1.9842451414
  -3.0492285248   -3.9658188312    1.9842451414
  -4.8802465975   -1.5973222864    0.9042451414
  -4.8802465975   -2.6311659561    0.9042451414
  -4.3997954879   -3.5465890631    0.9042451414
   3.9575505289   -0.6155595235    2.9564544493
   5.3728831430    0.2730348747    2.4355099163
   4.2455911837   -1.4810656533    2.4355099163
   5.8179810354    1.3297676713    1.6373765869
   6.1994379569    1.3402956554    0.6583211199
   5.6278654476    2.2634169538    0.6583211199
   6.1994379569    1.3402956554   -0.3835679461
   5.6278654476    2.2634169538   -0.3835679461
   4.7614200797    2.9177261233   -0.3835679461
   3.7171201012    3.2148550849   -0.3835679461
   6.0425965253    0.2730348747   -1.3626234131
   5.8179810354    1.3297676713   -1.3626234131
   4.2455911837   -1.4810656533   -2.1607567424
   5.0667623565   -0.7695167816   -2.1607567424
   3.9575505289   -0.6155595235   -2.6817012754
   2.2171841064   -0.5019972864    3.1391024231
   1.7041538914    0.3865971118    2.9581802854
   2.7302143214   -1.3905916846   -2.6799754393
   2.2171841064   -0.5019972864   -2.8608975769
   2.0903499930   -1.8219921871    3.2318594261
   3.1164104230   -1.8219921871    3.0509372885
   1.5773197780   -0.9333977889    3.0509372885
   2.6033802080   -2.7105865852    3.0509372885
   4.0187128221   -1.8219921871    2.5299927555
   2.8914208627   -3.5760927150    2.5299927555
   2.8931996950   -4.2929094977   -1.2681405739
   4.0187128221   -1.8219921871   -2.0662739033
   2.8914208627   -3.5760927150   -2.0662739033
   3.7125920355   -2.8645438433   -2.0662739033
   3.1164104230   -1.8219921871   -2.5872184363
   2.6033802080   -2.7105865852   -2.5872184363
   2.0903499930   -1.8219921871   -2.7681405739
   0.8509962938   -2.2459355483    3.2066840841
  -0.1750641362   -2.2459355483    3.0257619464
   0.3379660788   -3.1345299465    3.0257619464
   1.3640265088   -3.1345299465    3.0257619464
  -0.4118128038   -3.7032949356    2.5048174134
   0.5765616496   -4.1546704243    2.5048174134
   1.6520671635   -4.0000360763    2.5048174134
   0.5794233800   -4.8297792264    1.7066840841
   1.6538459958   -4.7168528590    1.7066840841
   0.0424799908   -5.0875755997    0.7276286171
   1.1235960811   -5.1877557586    0.7276286171
   2.1678960595   -4.8906267970    0.7276286171
   0.0424799908   -5.0875755997   -0.3142604489
   1.1235960811   -5.1877557586   -0.3142604489
   2.1678960595   -4.8906267970   -0.3142604489
   0.5794233800   -4.8297792264   -1.2933159159
   1.6538459958   -4.7168528590   -1.2933159159
  -0.4118128038   -3.7032949356   -2.0914492453
   0.5765616496   -4.1546704243   -2.0914492453
   1.6520671635   -4.0000360763   -2.0914492453
   0.3379660788   -3.1345299465   -2.6123937783
   1.3640265088   -3.1345299465   -2.6123937783
   0.8509962938   -2.2459355483   -2.7933159159
   0.1286398122   -1.1164528137    3.0890988531
  -0.3843904028   -0.2278584155    2.9081767155
  -0.3843904028   -2.0050472119   -2.7299790092
   0.1286398122   -1.1164528137   -2.9109011469
   0.9245936086   -0.0184590422    3.0437499433
   1.4376238236    0.8701353560    2.8628278057
  -0.1014668214   -0.0184590422   -2.7753279190
   1.4376238236   -0.9070534404   -2.7753279190
   0.9245936086   -0.0184590422   -2.9562500567
   0.4157063899    1.3150087353    2.9215636752
   1.4417668199    1.3150087353    2.7406415376
   0.9287366049    2.2036031335    2.7406415376
  -0.0973238251    2.2036031335    2.7406415376
   1.4417668199    1.3150087353   -2.8975141871
  -0.0973238251    2.2036031335   -2.8975141871
  -0.0973238251    0.4264143372   -2.8975141871
   0.4157063899    1.3150087353   -3.0784363248
   1.0766670318    2.3178515604    2.6777745010
   2.1481806425    2.3178515604    2.4646371920
   1.6124238372    3.2458095677    2.4646371920
   0.5409102265    3.2458095677    2.4646371920
   2.7913098518    3.3078010541    1.8576734883
   2.0666165255    4.0324943804    1.8576734883
   1.0766670318    4.2977505478    1.8576734883
   0.0867175382    4.0324943804    1.8576734883
   3.4398836928    3.3700234075    0.9492881116
   2.8076160329    4.2402651835    0.9492881116
   1.8760515655    4.7781041795    0.9492881116
   0.8062662501    4.8905431470    0.9492881116
   3.6875892742    3.3293282258   -0.1222254990
   3.1458920001    4.2041993626   -0.1222254990
   2.3247344280    4.8243087762   -0.1222254990
   1.3350184383    5.1059072541   -0.1222254990
   3.4398836928    3.3700234075   -1.1937391096
   2.8076160329    4.2402651835   -1.1937391096
   1.8760515655    4.7781041795   -1.1937391096
   0.8062662501    4.8905431470   -1.1937391096
   2.7913098518    3.3078010541   -2.1021244863
   2.0666165255    4.0324943804   -2.1021244863
   1.0766670318    4.2977505478   -2.1021244863
   2.1481806425    2.3178515604   -2.7090881900
   1.6124238372    3.2458095677   -2.7090881900
   0.5409102265    3.2458095677   -2.7090881900
   1.0766670318    2.3178515604   -2.9222254990
  -0.9778596464    1.3282744457    2.8563532895
  -0.4648294314    2.2168688439    2.6754311518
  -0.4648294314    0.4396800476    2.6754311518
  -0.4648294314    0.4396800476   -2.9627245729
  -0.9778596464    1.3282744457   -3.1436467105
  -0.6338590901    2.6175401979    2.5479319324
  -1.1468893051    3.5061345961    2.5479319324
  -0.8588486504    4.3716407259    2.0269873994
  -1.9314924339    5.2013838759    1.2288540701
  -2.4684358231    5.4591802492    0.2497986031
  -3.4403573065    4.9752208553    0.2497986031
  -2.4684358231    5.4591802492   -0.7920904629
  -3.4403573065    4.9752208553   -0.7920904629
  -4.1718208011    4.1728436242   -0.7920904629
  -4.5640381088    3.1604140472   -0.7920904629
  -1.9314924339    5.2013838759   -1.7711459299
  -2.9589576258    4.8675401979   -1.7711459299
  -0.0376774776    3.6600918542   -2.5692792593
  -0.8588486504    4.3716407259   -2.5692792593
  -0.6338590901    2.6175401979   -3.0902237923
  -1.8150347799    0.2177601368    2.9002351305
  -0.7889743500    0.2177601368    2.7193129929
  -2.3280649949    1.1063545350    2.7193129929
  -2.8410952099    0.2177601368    2.7193129929
  -2.3280649949   -0.6708342614   -2.9188427318
  -1.8150347799    0.2177601368   -3.0997648695
  -3.5409844399    1.2712856506    2.4221603555
  -4.0767412452    0.3433276433    2.4221603555
  -4.7198704545    1.3332771370    1.8151966518
  -4.9851266219    0.3433276433    1.8151966518
  -4.7198704545   -0.6466218503    1.8151966518
  -5.0980435137    1.8638473828    0.9068112751
  -5.5355611692    0.8811666393    0.9068112751
  -5.5355611692   -0.1945113527    0.9068112751
  -5.0980435137   -1.1771920962    0.9068112751
  -4.6926046164    2.5777758797   -0.1647023355
  -5.3858356146    1.8173376994   -0.1647023355
  -5.7575523137    0.8578262932   -0.1647023355
  -5.7575523137   -0.1711710066   -0.1647023355
  -5.3858356146   -1.1306824127   -0.1647023355
  -5.0980435137    1.8638473828   -1.2362159462
  -5.5355611692    0.8811666393   -1.2362159462
  -5.5355611692   -0.1945113527   -1.2362159462
  -5.0980435137   -1.1771920962   -1.2362159462
  -4.7198704545    1.3332771370   -2.1446013229
  -4.9851266219    0.3433276433   -2.1446013229
  -4.7198704545   -0.6466218503   -2.1446013229
  -3.5409844399    1.2712856506   -2.7515650266
  -4.0767412452    0.3433276433   -2.7515650266
  -3.5409844399   -0.5846303640   -2.7515650266
  -3.0052276346    0.3433276433   -2.9647023355
  -1.2353210355   -1.0200982755    3.0198950424
  -0.7222908206   -0.1315038774    2.8389729048
  -0.7222908206   -1.9086926737   -2.7991828199
  -1.2353210355   -1.0200982755   -2.9801049576
  -1.0789291686   -2.1898503252    2.8849226201
  -1.5919593836   -3.0784447234    2.8849226201
  -2.3794242428   -4.0985852012    2.3639780871
  -3.4040277043   -4.4398503252    1.5658447577
  -4.6168908796   -3.7451537515    0.5867892907
  -3.8854273850   -4.5475309826    0.5867892907
  -2.9135059016   -5.0314903766    0.5867892907
  -5.0091081873   -1.6469764760   -0.4550997753
  -5.0091081873   -2.7327241745   -0.4550997753
  -4.6168908796   -3.7451537515   -0.4550997753
  -3.8854273850   -4.5475309826   -0.4550997753
  -2.9135059016   -5.0314903766   -0.4550997753
  -2.3765625124   -4.7736940033   -1.4341552423
  -1.3039187289   -3.9439508532   -2.2322885717
  -1.0789291686   -2.1898503252   -2.7532331047
   3.4495715681    0.9636845038    3.3680212922
   4.4908925419    0.9636845038    3.1303465752
   3.9702320550    1.8654949207    3.1303465752
   2.9289110811    1.8654949207    3.1303465752
   2.4082505942    0.9636845038    3.1303465752
   2.9289110811    0.0618740869    3.1303465752
   3.9702320550    0.0618740869    3.1303465752
   5.3259671260    0.9636845038    2.4643968167
   5.0280959602    1.9781405321    2.4643968167
   4.2290544532    2.6705139392    2.4643968167
   3.1825326377    2.8209810605    2.4643968167
   2.2207937958    2.3817696480    2.4643968167
   5.5576828416    1.9788973868    1.5020715337
   4.9084298340    2.7930349075    1.5020715337
   3.9702320550    3.2448471453    1.5020715337
   3.9702320550    3.2448471453    0.4339710507
   5.3200013201   -0.4090477360    2.3881076938
   4.7993408332   -1.3108581529    2.3881076938
   6.1550759042   -0.4090477360    1.7221579353
   5.0581632314   -2.1158771714    1.7221579353
   5.8572047384   -1.4235037643    1.7221579353
   6.6185073355   -0.4090477360    0.7598326524
   6.3867916198    0.6061651470    0.7598326524
   5.7375386122   -2.2383981397    0.7598326524
   6.3867916198   -1.4242606190    0.7598326524
   6.6185073355   -0.4090477360   -0.3082678306
   5.7375386122   -2.2383981397   -0.3082678306
   6.3867916198   -1.4242606190   -0.3082678306
   6.1550759042   -0.4090477360   -1.2705931136
   5.0581632314   -2.1158771714   -1.2705931136
   5.8572047384   -1.4235037643   -1.2705931136
   5.6370772571    1.8491728222   -1.3160237690
   4.9878242494    2.6633103430   -1.3160237690
   4.0496264705    3.1151225807   -1.3160237690
   5.4053615414    0.8339599392   -2.2783490519
   5.1074903756    1.8484159675   -2.2783490519
   4.3084488686    2.5407893747   -2.2783490519
   3.2619270532    2.6912564959   -2.2783490519
   4.5702869574    0.8339599392   -2.9442988104
   4.0496264705    1.7357703561   -2.9442988104
   3.0083054966    1.7357703561   -2.9442988104
   2.4876450096    0.8339599392   -2.9442988104
   3.0083054966   -0.0678504776   -2.9442988104
   4.0496264705   -0.0678504776   -2.9442988104
   3.5289659835    0.8339599392   -3.1819735275
   3.9829564017   -2.4667268606    2.4812935806
   3.4622959147   -3.3685372775    2.4812935806
   4.8180309857   -2.4667268606    1.8153438221
   2.6745964974   -4.3240234173    1.8153438221
   3.7211183129   -4.1735562961    1.8153438221
   4.5201598199   -3.4811828889    1.8153438221
   2.4209749408   -4.7478895021    0.8530185391
   3.4622959147   -4.7478895021    0.8530185391
   4.4004936937   -4.2960772643    0.8530185391
   5.0497467014   -3.4819397436    0.8530185391
   3.4622959147   -4.7478895021   -0.2150819439
   4.4004936937   -4.2960772643   -0.2150819439
   5.0497467014   -3.4819397436   -0.2150819439
   4.8180309857   -2.4667268606   -1.1774072269
   3.7211183129   -4.1735562961   -1.1774072269
   4.5201598199   -3.4811828889   -1.1774072269
  -0.1288638586    5.0932829943    1.2020545174
  -1.1753856740    5.2437501156    1.2020545174
   0.5505115222    5.2158039626    0.2397292344
  -0.3876862567    5.6676162004    0.2397292344
  -1.4290072306    5.6676162004    0.2397292344
   0.5505115222    5.2158039626   -0.8283712486
  -0.3876862567    5.6676162004   -0.8283712486
  -1.4290072306    5.6676162004   -0.8283712486
  -0.1288638586    5.0932829943   -1.7906965316
  -1.1753856740    5.2437501156   -1.7906965316
  -0.3876862567    4.2882639758   -2.4566462901
  -3.7027447362    4.4656138794   -1.7141640216
  -4.3519977438    3.6514763587   -1.7141640216
  -4.5837134595    2.6362634757   -1.7141640216
  -2.5109254006    4.4935600324   -2.6764893046
  -3.4726642425    4.0543486199   -2.6764893046
  -4.0442748238    3.1649051939   -2.6764893046
  -4.0442748238    2.1076217575   -2.6764893046
  -1.2025654964    2.6362634757   -3.3424390631
  -1.7232259833    3.5380738926   -3.3424390631
  -2.7645469572    3.5380738926   -3.3424390631
  -3.2852074441    2.6362634757   -3.3424390631
  -2.7645469572    1.7344530588   -3.3424390631
  -1.7232259833    1.7344530588   -3.3424390631
  -2.2438864703    2.6362634757   -3.5801137801
  -2.3236855214    2.7671260067    2.9683058163
  -1.2823645475    2.7671260067    2.7306310993
  -1.8030250345    3.6689364235    2.7306310993
  -2.8443460084    3.6689364235    2.7306310993
  -3.3650064953    2.7671260067    2.7306310993
  -2.8443460084    1.8653155898    2.7306310993
  -1.8030250345    1.8653155898    2.7306310993
  -2.5907244518    4.6244225633    2.0646813408
  -3.5524632937    4.1852111509    2.0646813408
  -4.1240738750    3.2957677248    2.0646813408
  -4.1240738750    2.2384842885    2.0646813408
  -2.8443460084    5.0482886481    1.1023560578
  -3.7825437873    4.5964764104    1.1023560578
  -4.4317967950    3.7823388896    1.1023560578
  -4.6635125107    2.7671260067    1.1023560578
  -4.4317967950    3.7823388896    0.0342555748
  -4.6635125107    2.7671260067    0.0342555748
  -0.9604989436   -3.9639988572    2.3344982303
  -1.7481983609   -4.9194849970    1.6685484718
  -0.7016765455   -4.7690178758    1.6685484718
  -2.0018199175   -5.3433510818    0.7062231889
  -0.9604989436   -5.3433510818    0.7062231889
  -2.0018199175   -5.3433510818   -0.3618772941
  -0.9604989436   -5.3433510818   -0.3618772941
  -1.7481983609   -4.9194849970   -1.3242025771
  -0.7016765455   -4.7690178758   -1.3242025771
  -5.0243302938   -2.2577678132   -1.3783555393
  -4.7926145782   -3.2729806962   -1.3783555393
  -4.1433615705   -4.0871182169   -1.3783555393
  -4.4848916582   -1.7291260951   -2.3406808222
  -4.4848916582   -2.7864095314   -2.3406808222
  -3.9132810768   -3.6758529575   -2.3406808222
  -2.9515422350   -4.1150643699   -2.3406808222
  -1.6431823307   -2.2577678132   -3.0066305807
  -2.1638428177   -1.3559573964   -3.0066305807
  -3.2051637915   -1.3559573964   -3.0066305807
  -3.7258242785   -2.2577678132   -3.0066305807
  -3.2051637915   -3.1595782301   -3.0066305807
  -2.1638428177   -3.1595782301   -3.0066305807
  -2.6845033046   -2.2577678132   -3.2443052978
  -2.7830122718   -2.1142441213    3.3042451414
  -1.7416912979   -2.1142441213    3.0665704243
  -2.2623517849   -1.2124337044    3.0665704243
  -3.3036727588   -1.2124337044    3.0665704243
  -3.8243332457   -2.1142441213    3.0665704243
  -3.3036727588   -3.0160545381    3.0665704243
  -2.2623517849   -3.0160545381    3.0665704243
  -4.0117900441   -0.6961589770    2.4006206658
  -4.5834006254   -1.5856024031    2.4006206658
  -4.5834006254   -2.6428858394    2.4006206658
  -4.0117900441   -3.5323292655    2.4006206658
  -3.0500512022   -3.9715406779    2.4006206658
  -4.8911235454   -1.0990312383    1.4382953828
  -5.1228392611   -2.1142441213    1.4382953828
  -4.8911235454   -3.1294570042    1.4382953828
  -4.2418705377   -3.9435945250    1.4382953828
  -5.1228392611   -2.1142441213    0.3701948999
